$ 1 5.000000000000001e-7 0.02326236579172927 55 5 43 5e-11
p 1232 304 1232 368 3 4 1 10000000
w 1280 368 1376 368 0
w 1152 208 1376 208 0
O 1312 304 1312 352 3 1
O 1040 288 960 224 1 0
w 1152 368 1104 368 0
r 1152 304 1152 368 0 100000
w 1104 320 1104 368 0
g 1280 368 1280 400 0 0
w 1104 256 1104 208 0
174 1488 368 1456 272 1 1000 0.7673000000000001 V REF
w 1040 224 1040 288 0
w 1152 272 1152 224 0
r 1120 224 1040 224 0 100000
409 1152 288 1040 288 1 0.6 -9.718152466328183 0.023100000000000002 0
R 1376 208 1344 176 0 0 40 13 0 0 0.5
409 1424 304 1312 304 1 0.6 -9.43211199670184 0.0231 0
w 1424 288 1424 240 0
w 1376 208 1376 272 0
w 1376 336 1376 368 0
w 1376 368 1488 368 0
w 1376 208 1488 208 0
w 1488 272 1488 208 0
r 1312 240 1312 304 0 1000
w 1312 240 1424 240 0
w 1232 304 1312 304 0
w 1232 368 1280 368 0
R 1232 272 1232 240 0 1 40000 0.5 0 0 0.5
r 1232 304 1152 304 0 100000
r 1232 272 1152 272 0 100000
w 1104 208 1152 208 0
w 1152 368 1232 368 0
w 1424 320 1456 320 0
w 1120 224 1152 224 0
